Given input file:
---------------------------------------------------------
0 -21.123415 68.037543
1 82.329472 59.688007
0 53.645919 -32.955449
1 -4.520590 10.793991
2 2.680182 -27.043105
0 27.142346 83.239014
2 21.393775 -71.679489
0 -72.553685 -51.422646
2 -19.811121 -68.664182
1 99.784904 -78.238240
0 67.822447 2.586479
0 27.510454 -40.793676
1 94.555005 -1.283403
0 5.348996 54.271540
2 78.305890 -19.954276
2 61.544904 -29.508331
2 89.865415 -86.048945
2 -61.557231 -82.788830
2 -30.221413 78.046521
1 -8.459653 -95.995390
2 94.126826 -52.344009
2 -46.666850 70.183957
1 52.049747 -24.958605
0 6.321287 33.544752
2 86.367011 -12.472481
2 -43.141319 44.190469
1 -29.190264 27.995763
2 -11.979094 -66.805167
0 -33.932574 65.840219
1 -29.927964 78.674483
2 17.728027 91.293651
1 -12.088016 71.735265
0 62.953379 -20.312667
1 -3.501869 82.194406
2 84.025651 90.050475
2 28.216119 76.212434
1 -43.788118 23.919297
2 -10.593284 -38.508425
0 -44.753066 -62.493378
2 -66.078583 -16.699744
0 -74.784932 -79.365762
2 96.950333 52.095046
0 -23.362334 36.889003
1 -41.167928 -26.267292
0 -51.117453 16.897700
2 -74.905019 46.429703
1 49.014278 -67.179613
2 -89.494148 90.020806
0 -51.987526 -64.757869
2 31.312731 46.530882
0 51.946968 27.891669
1 4.042014 -73.019518
1 -59.068983 -86.018720
1 14.663726 63.935456
1 -68.438574 -89.612236
1 77.991129 -59.134278
0 -89.188484 99.559800
2 -99.167678 -85.534240
2 -63.925547 18.778436
1 82.605335 -21.661954
2 10.497004 -28.180926
2 37.477487 -9.484831
2 51.458766 6.161598
1 15.394223 98.445692
2 25.781986 49.561859
0 66.647708 49.560573
2 66.207508 74.654269
1 80.673268 48.762241
2 -0.548296 33.376067
1 77.789750 66.002367
0 -50.391176 29.941397
0 40.123993 -54.172604
0 -53.714410 -34.244591
2 -55.268717 26.614439
1 94.293142 2.137194
2 43.853715 9.221376
0 18.507984 -5.703314
2 -32.729775 -9.816488
0 -99.353708 -13.097341
2 66.648659 19.696260
2 -3.409944 35.095196
2 42.417452 -39.008863
2 -91.827139 24.364564
1 34.787299 39.196758
1 -63.075506 -30.576825
2 46.145869 25.431577
0 -59.557445 48.087688
1 30.626066 36.951307
2 -82.471274 6.488195
2 37.224986 75.476786
2 -27.679818 -77.744874
1 33.311318 18.642291
0 -42.324118 55.153449
1 96.872641 -62.049804
1 -33.704185 65.478227
2 91.727392 -12.700601
0 39.815081 52.974287
0 -23.233612 37.157158
2 83.254582 88.610255
0 58.731368 -59.290357
0 80.986494 -40.542310
1 -0.371215 74.795794
1 -45.217766 -67.448651
2 -7.267570 -1.520236
0 -41.789343 -0.804521
2 45.510057 36.835688
0 -1.515656 20.621765
0 -64.358498 44.850398
2 -75.748243 -0.294904
2 -35.038600 -27.911479
2 24.419090 81.696931
0 -0.785116 63.625522
0 31.766233 -21.134568
1 -69.754003 -48.218776
2 29.441476 -78.430344
2 -33.722836 -42.346096
2 86.898929 -14.534456
0 31.749327 -46.907735
1 -68.545577 -2.514627
2 3.542944 25.133064
0 -14.760125 11.512123
0 -51.134603 -21.122325
0 27.730829 45.872014
1 79.512053 -32.351415
0 -98.918290 -17.842412
1 -41.264386 54.877247
2 44.201158 73.106963
1 97.293423 -10.178978
2 -5.221205 -57.823416
2 -80.088141 -81.216098
1 31.423982 -39.647380
2 -89.698343 -73.659571
0 56.173671 -8.456878
1 -76.177744 -11.487953
0 5.979844 15.726969
0 -39.142909 -27.616632
0 -66.035946 -4.683069
2 23.785076 5.149423
1 65.961660 -53.268758
0 84.745562 -80.232516
0 -54.901818 -3.653329
1 -28.561389 -41.834267
0 62.981733 -31.149808
1 -48.506220 -92.734520
2 67.220750 25.192822
2 -60.395882 -55.798127
1 34.921049 -78.053462
0 -59.929528 43.892361
2 -13.198286 -36.868394
2 6.569198 -22.850353
2 -97.084131 11.079547
1 -38.918399 -23.566571
0 29.931793 -47.911032
2 37.197273 83.918178
1 -37.609906 39.569645
2 6.591967 -98.799045
0 28.538505 23.689355
2 -27.569134 -19.858190
2 35.562472 60.379340
1 -87.287881 -93.421470
1 23.791667 -62.476718
0 -99.774904 13.566217
0 -47.685936 -38.952237
0 -63.767757 71.511042
0 75.801887 33.468102
0 77.002842 -37.354090
2 0.692197 -68.572163
0 80.834007 35.130812
0 41.213346 -21.095742
0 47.791877 9.479419
2 85.315159 -53.376223
1 -1.118624 86.684004
2 59.929139 87.825833
2 31.440182 18.899454
1 -35.091717 87.170348
0 27.554194 17.831337
0 58.982030 55.084293
1 -5.887158 20.875754
0 73.017101 59.098082
1 -17.503481 32.882882
2 29.120297 19.379801
1 15.804301 -70.331612
0 3.630134 40.182070
1 -77.470412 3.009816
2 -90.300064 2.069805
0 27.531273 -23.068318
1 -17.384434 -71.203600
1 -96.508679 -18.646685
0 62.589403 14.744236
2 -4.527715 -10.651496
2 -85.147914 -88.255351
0 -55.479526 19.455952
2 84.702543 26.048631
1 -12.287640 -7.429550
0 89.782165 90.532450
0 -33.286154 53.402734
2 -4.489754 -56.172788
0 76.863561 -6.766281
1 -8.392203 -63.246931
0 80.956302 53.289519
1 92.700950 52.322489
1 12.156902 -19.524245
1 -61.794466 24.433322
1 30.775984 -27.978977
2 21.308434 -57.861688
0 -25.288832 -78.044462
1 18.538379 29.304037
1 -88.227901 19.268102
2 -51.474832 12.723488
2 -98.185313 -31.231724
1 54.137176 20.285349
1 -65.387069 86.654508
2 59.046253 -2.455860
1 -68.932724 93.136316
0 -26.794411 76.440852
0 -4.838874 49.527552
2 -75.534837 89.328098
0 43.733265 24.638891
0 -43.543248 -63.186755
0 25.225028 -59.404604
2 -54.489623 -74.666151
2 -67.835115 -97.226749
2 29.709025 -7.630443
2 22.845341 -79.828604
2 -0.713807 -21.250782
1 -51.186256 -41.364525
0 -61.858157 13.232899
1 62.780734 -13.631297
0 99.593979 -28.723395
1 -59.810625 4.709675
2 -34.476777 39.957432
0 -31.703525 29.342366
0 60.666032 53.340230
0 80.837427 36.384347
0 -40.413355 50.495741
2 18.222120 -62.187277
1 -68.544981 -79.709169
2 17.823721 -72.765898
2 89.100326 77.910638
0 -6.189999 85.043925
1 -66.232567 17.402241
0 63.109799 -4.729067
0 16.450029 5.304510
0 -47.165624 -54.952888
2 -96.669884 7.635055
2 -58.857161 -30.490809
0 -38.566330 -19.802930
2 -11.332228 29.026793
1 -33.421591 40.637249
0 -48.377665 51.841685
2 69.024576 -96.764505
0 -35.704491 20.152529
2 69.600019 5.366037
0 -85.352868 -48.754423
1 22.282187 77.962544
1 91.791377 64.266157
1 -28.011552 -31.208111
2 -98.984759 -95.227360
1 41.652490 -41.422888
0 -6.505825 1.481910
0 -3.270330 -61.803290
1 -83.117801 -91.321058
2 22.248236 42.270974
1 73.493814 92.313035
0 51.456358 -4.810529
1 15.722515 -98.603977
1 84.514404 48.745414
0 89.287044 57.528475
0 -52.135844 -45.020692
2 49.346066 -80.991450
2 87.542776 -65.339874
2 96.221718 -80.663722
0 38.492692 -31.692061
0 30.805727 -13.120381
0 -74.004802 20.098431
0 -72.608779 -24.400570
0 76.136635 -77.108194
2 33.665110 -57.827370
1 88.644418 -37.531305
0 -92.347033 -75.582750
2 -57.686907 -20.140021
1 -38.350629 -67.967621
0 29.957310 -98.913022
1 -83.163071 -7.610187
2 36.935360 57.186462
0 -87.465210 73.439469
2 -64.573404 5.414991
0 -22.400773 -78.095083
2 40.067922 27.681886
0 64.485172 -18.676989
2 -55.654849 84.310202
2 -23.622470 -25.159832
1 -22.535492 61.591852
0 69.854322 86.836228
0 27.040784 42.886331
1 0.480253 24.931632
0 -94.104755 34.368153
1 -72.199838 19.941309
1 55.482048 -60.820425
0 -63.194941 47.062259
0 -78.884740 -37.402091
1 -4.044572 -79.553347
1 -42.452720 -60.055232
1 -55.616492 89.400193
0 87.269839 55.692547
1 12.201471 -41.079740
0 -53.430376 74.682764
0 66.510933 25.871863
2 -94.309492 54.660189
1 52.752766 23.516437
0 -84.649325 -43.142144
2 -64.202671 -65.455574
0 -24.257903 -11.391473
2 -34.857710 -79.862864
0 -79.165164 21.520067
0 -20.244904 49.943782
0 -45.562140 -21.152250
0 80.309723 -86.353037
0 34.969912 76.246338
0 -41.513651 -5.672240
1 15.344206 -50.785759
2 49.888632 -74.784017
0 -61.502841 -2.826848
1 -41.365705 -73.322398
0 80.154362 -99.434441
0 30.098144 61.723355
1 -91.054106 -64.917379
1 -77.407143 55.011511
1 98.839195 -58.548666
1 -6.833046 33.581664
2 42.381196 78.464761
1 67.597178 -61.301468
0 -35.229670 34.729632
1 -8.552068 6.502829
0 -7.986509 43.418316
0 -46.263154 -98.831362
2 -11.180533 38.674058
1 -56.169022 30.617337
2 -14.717688 2.870339
0 -81.136024 -89.906747
0 97.328736 75.802517
0 -63.972731 -43.144014
1 70.756901 -12.201912
2 -22.740270 57.237348
0 -79.321954 -14.689096
2 -78.153316 93.538822
0 60.520742 -68.135116
1 -8.861922 -20.863160
2 94.008417 49.001653
2 -95.898330 -82.294339
0 79.904188 79.576622
0 -63.239826 -16.171220
2 24.558262 55.678115
1 -18.204390 -7.702219
2 67.106515 20.365379
2 60.645337 -59.553533
2 92.510221 -85.735599
0 -28.352938 -23.098198
2 -79.351285 83.370181
1 -61.645625 75.120872
1 -82.069002 85.735538
2 1.759777 93.678941
2 -42.562108 -62.350388
0 49.735673 -47.622816
2 -29.898948 44.364487
2 10.547519 -42.970164
1 24.811921 91.541869
0 -98.286277 -13.425356
0 85.083904 -27.254503
1 60.204775 -47.075233
2 45.940313 -62.794292
1 39.619254 -98.609164
0 77.268866 -97.663861
2 -70.353950 27.839704
2 74.010538 35.138879
2 -68.959627 9.544568
1 -77.417758 -55.404405
2 9.156886 72.156842
1 81.902382 71.365152
2 -65.172851 91.222176
2 -27.967143 -50.566425
2 -26.576307 25.575972
2 -24.240168 3.478146
0 -96.400465 38.818213
1 38.738414 23.893952
2 -51.717018 79.070744
2 -7.121423 44.795055
0 -34.964581 -64.668714
2 -63.599429 27.581241
0 -72.377254 -95.084901
1 -22.943679 -57.546267
2 -97.367707 -74.067320
2 6.110439 49.030881
0 -55.071349 -50.602052
1 68.822604 79.411065
2 47.893347 -16.565280
2 -7.311598 -81.501252
1 28.019689 76.145018
0 -44.399071 -57.051827
0 -39.483972 -8.346290
0 2.969761 75.186397
0 28.902441 30.751940
0 -22.066678 59.741177
1 27.331269 -35.509754
0 6.742334 72.838850
0 90.177054 -80.074131
2 -91.324198 15.295869
2 84.820819 3.544447
2 -72.231008 56.828443
2 19.422702 -53.486989
0 -5.390901 63.820324
1 -74.638961 58.183959
0 85.102217 55.179887
2 -50.407538 -41.713747
2 -77.568687 -93.678729
2 -57.642819 23.178893
1 57.653051 87.929861
1 -38.802503 45.369232
1 -81.974059 -69.171709
1 -35.461049 71.888280
0 -71.640724 73.464297
1 86.543235 -21.989925
1 41.723122 11.458294
2 -99.990624 -77.160166
1 -93.669353 -38.447356
0 29.509539 -92.992211
2 17.439400 42.639988
2 -37.191367 -13.052012
0 -6.363076 -83.923193
1 -34.474796 72.974618
0 -61.010499 -50.704869
0 16.999576 -79.775257
2 -71.542131 -83.484605
0 -48.702296 97.908263
1 12.850348 -71.106407
0 19.858137 -17.689764
1 -37.501875 78.084060
2 49.446113 -68.489065
0 65.522920 46.135308
0 38.497538 -21.214379
2 87.792670 -24.025114
2 -91.982587 1.523426
2 -75.467192 13.615201
2 -77.558930 -32.569902
2 -48.665337 -78.745629
2 33.644899 81.409290
2 11.728959 -28.926251
2 43.239894 -21.822392
2 -10.624798 48.090100
0 68.160823 11.639516
0 -55.864291 40.714136
1 45.659135 -91.221743
1 -40.725664 93.841953
1 26.704434 -92.636481
1 47.958805 -27.817211
2 29.368095 -50.147593
1 -99.558156 47.380162
1 -21.380548 7.406042
0 -73.290448 -83.121966
2 38.349068 -8.127053
1 -20.936796 5.365398
2 -12.158540 6.650519
1 -18.316587 15.953053
1 -10.953067 49.788394
0 61.229722 -93.935194
2 -88.917872 13.675880
0 58.462290 54.931854
2 -34.131668 7.916786
1 -17.253634 -95.858388
0 74.619313 89.741640
2 -20.015289 43.502491
2 86.635230 41.399052
2 2.588282 -15.045253
2 -47.623324 -12.215222
0 -41.558518 -82.680757
0 72.117363 -5.187488
0 27.049216 1.673877
2 -65.033998 8.977085
2 -60.892387 94.899746
1 -71.150747 7.531958
0 72.351744 58.513239
2 13.750796 -11.442278
1 98.705543 6.443666
2 -13.509679 -93.986976
1 3.809564 94.629313
2 98.622076 44.475325
2 0.295953 5.403464
1 -90.726962 -75.206106
1 -95.827217 -89.947345
0 11.704741 -21.942218
2 -29.782020 20.682222
2 58.775702 -56.708627
0 -34.780631 52.535754
0 -28.767608 64.368417
1 -34.138294 -71.422244
1 -89.662970 51.228578
2 15.740495 -54.003239
1 40.534388 -32.185839
1 50.587043 24.597563
1 -71.355174 -79.511423
0 49.327048 45.228845
2 92.618421 -57.679142
0 45.154175 -46.836334
2 9.522592 -37.287983
2 38.100348 58.750690
2 -10.671074 58.598926
2 35.325687 57.069239
1 -96.860152 -44.164496
0 27.737411 63.874806
0 48.225988 -23.913108
1 -6.545167 0.003720
0 35.775691 94.138527
2 88.939357 -52.950963
2 -48.348626 65.178915
1 -89.597936 54.541186
2 69.000990 -90.234837
2 26.070229 -24.673831
1 81.905733 -43.372329
1 45.780539 78.463561
2 -78.132569 -49.113506
0 21.871151 51.954253
0 16.009678 -97.650941
2 63.058714 -54.637713
1 28.237630 -66.470310
1 -17.221185 31.219684
2 -7.456022 67.010027
1 67.870147 -7.870705
1 -75.502182 52.574251
2 -97.038621 -83.840946
2 -46.152127 -92.518732
1 -94.197874 47.029470
0 -91.848815 80.032505
1 -46.486528 48.811232
1 -12.956838 6.529315
2 -81.737154 15.898773
0 85.272873 35.670295
0 -22.597832 24.442807
0 -70.023581 -60.714452
1 -53.864528 36.034022
1 -46.383260 78.563034
0 -99.353791 -57.040522
0 80.678715 -70.772928
0 29.489946 31.504343
1 -63.980739 96.840329
0 51.918034 90.413945
2 -12.411672 -33.233624
1 -87.968865 -64.337215
1 -48.683317 72.429341
1 87.350705 33.693716
0 65.913740 -2.080531
2 -91.126783 15.993096
0 -61.899711 39.868848
2 69.604632 71.895786
1 66.444962 -42.563803
2 56.858907 -69.980231
0 -76.374718 -79.133813
2 -40.711933 96.985478
1 -68.282592 -49.493063
0 65.411123 34.004815
1 -36.669408 -36.361836
0 79.323688 -53.111746
1 19.192536 -69.215447
0 -8.911677 95.359566
2 48.524519 -10.575474
2 78.544288 -80.491254
0 99.410475 1.511000
0 96.395953 -28.898417
0 -53.097110 -47.276699
2 80.907705 -14.338298
2 -55.454131 5.950809
2 -8.565877 -7.846345
2 22.218676 -12.770282
0 17.578243 20.406071
1 -92.997232 23.187055
1 -73.488485 -7.586998
0 28.022515 -81.502145
1 99.124098 68.207990
2 -48.152601 77.206192
2 37.509101 -82.078199
0 -56.540090 -75.951466
1 35.613565 -6.494141
2 -77.156717 42.286873
2 43.249354 10.260422
0 -33.563591 69.322294
1 58.849411 76.908686
1 77.347266 63.039366
2 45.555256 48.580521
0 22.761448 30.517630
1 40.683249 59.357628
0 64.731784 69.105332
2 -41.762357 -76.601096
1 -99.475485 69.126600
1 10.784938 -62.927027
2 -19.892768 -77.402413
2 -42.984082 -84.875030
1 -79.944716 -65.836132
0 68.635805 81.225281
1 -0.846565 27.410792
0 -41.488937 25.443701
2 -72.383605 -39.014289
2 -48.984701 -60.012369
2 -79.858100 54.603116
2 -42.785128 -7.938116
0 -20.187540 72.770005
2 -5.062570 19.914536
1 29.101298 -74.091523
0 10.326579 9.249685
2 -62.262629 38.146148
1 63.181072 -10.195940
0 -75.833216 82.145220
0 -35.845585 -60.781836
0 -81.242469 54.528751
0 10.819415 -29.636146
0 -16.410579 -3.016106
1 -96.496044 -96.288834
2 -70.587566 67.454356
0 38.662119 51.252831
1 -23.191733 3.687110
2 66.612327 55.274824
1 48.757547 -34.626398
2 87.975711 -96.911226
1 42.504463 91.819245
1 -87.131683 -99.308384
1 9.852210 -33.221141
0 13.563377 -87.321438
0 -18.982267 -46.484306
0 -67.729437 -76.545875
1 35.957673 3.719136
1 -8.767502 -78.278482
2 56.606100 2.904972
2 59.694874 -91.744791
0 51.514119 77.759862
0 52.205735 66.022046
1 -81.015407 -34.896355
1 -68.336845 -52.225335
1 -14.821151 -66.050359
1 8.632975 -50.462949
0 -87.647889 -96.213420
2 -65.926371 -65.155623
1 36.978600 -67.485500
1 45.233810 78.942171
1 22.993672 13.345552
0 -10.984283 90.253397
0 54.119362 -19.970442
0 -98.105973 -20.342070
1 -64.156333 92.849678
0 -14.619282 87.059159
2 -10.832702 -86.460797
0 24.011675 75.976921
0 56.526175 -70.352864
2 35.468345 -60.076550
0 -51.186102 -90.105362
1 -60.932705 31.379945
2 19.096853 -94.929014
0 98.754783 -2.253379
2 91.604462 -77.914589
0 78.663621 -68.396950
1 92.202824 49.753664
0 68.179745 -19.743611
0 97.826881 -55.167258
1 -62.249669 46.387696
2 -52.355031 93.176460
1 79.024914 62.958895
1 84.095900 -78.242953
1 -18.157479 -65.325439
2 3.927932 -50.513898
2 35.530982 0.141311
2 -14.715355 -63.822763
1 65.541034 -38.619538
2 -89.626224 -89.404637
1 56.761472 16.336438
1 49.937931 57.545858
2 12.896826 -52.430824
1 34.653873 76.659789
2 69.328434 -75.152745
1 -81.185464 -28.210496
0 18.955846 10.336216
2 55.133084 27.546548
2 -83.486454 36.959705
0 -72.891091 14.552606
1 43.445346 -10.027612
2 0.991204 3.142501
2 48.560380 63.957582
2 25.220168 -96.202422
2 50.067423 -72.266527
1 -78.143072 33.511889
0 32.193143 43.218237
1 -40.260309 -11.544433
0 96.699396 18.977542
1 11.252002 15.040550
2 -98.775610 21.477335
0 4.366891 -15.324409
2 -31.675527 97.811779
2 -27.877949 -76.155208
1 -0.144476 84.531678
2 -66.632586 14.546997
2 76.585651 -36.623148
2 -34.958782 31.162554
0 84.018760 54.081339
0 -0.940690 93.513670
1 -79.463356 -39.945090
2 5.212235 -29.958504
0 3.024014 81.019286
0 26.868806 -59.442545
0 11.400483 -74.684206
1 -74.052520 60.141555
1 -10.675668 16.824244
2 -79.513115 -94.299924
2 74.568224 54.315600
0 68.081894 -0.369480
0 -71.863196 56.197442
2 -1.821700 -86.011246
1 -20.802414 76.146958
1 19.755041 -93.370365
2 45.070835 9.234363
2 5.212390 11.694615
2 -77.963366 47.522281
0 -72.263290 59.935598
2 82.052311 -62.609867
2 -18.317169 -1.136573
2 -62.119727 -40.603969
2 -48.130972 -59.534720
0 -71.984015 26.746763
0 -65.354380 16.052261
2 43.879983 -67.773436
0 -44.425402 -40.198650
2 -96.903121 13.323617
2 63.032477 -43.829785
2 -99.577390 -80.496301
0 -0.713963 57.405406
0 58.682068 -36.610992
0 99.147348 97.509414
2 25.894111 -70.191880
0 -58.053628 41.304411
1 -25.827064 72.555744
1 33.974286 48.877911
2 -52.702097 -69.587531
0 3.468118 33.983660
0 22.971817 -34.708439
1 -19.622777 78.651773
2 43.766231 73.694816
2 41.275646 -93.381868
2 71.083766 -8.589525
1 12.388177 -95.781196
2 -15.056079 51.672754
0 -66.178168 -56.993315
2 -35.765699 89.915215
0 98.217961 39.920623
2 -36.490479 -47.041492
1 -57.838706 66.419003
0 -84.143890 79.165534
2 -77.525759 50.594134
2 13.884717 21.170081
1 18.103521 -82.359860
1 -30.223725 56.056570
0 12.782960 68.645937
2 2.698175 15.209589
2 -57.381202 9.071145
1 -4.422694 -93.599182
1 -38.003691 -73.297692
1 -58.838157 27.381021
1 91.755977 71.825965
2 12.926058 57.546555
0 30.566198 14.350911
1 -13.377231 83.543444
2 -44.731295 37.679898
0 70.478294 25.638184
2 -20.450561 77.830772
2 -14.049743 -71.758681
0 12.652564 42.161389
0 -59.966415 -1.757248
1 -88.140450 -29.819776
0 69.406105 -35.408062
2 -16.242984 72.888369
2 -32.699541 99.288321
2 -95.019643 -4.535453
0 30.618541 4.423734
1 8.449313 -83.918905
1 36.690632 70.357254
0 -21.147979 -79.789281
0 77.094772 32.060493
1 -52.725003 -14.927889
1 11.866935 -70.160295
1 -15.244696 -12.466642
2 -15.956375 -24.206791
1 79.508173 50.675828
2 -16.068094 -19.172847
2 0.013001 81.456773
1 -29.629745 61.635831
0 -9.419026 -72.234855
0 -77.358532 -93.452977
0 7.713579 -74.637513
1 37.553284 -43.962500
2 -74.913359 -43.881381
2 0.879850 39.956752
1 -48.444322 -8.904654
2 32.382832 -52.785704
1 13.839604 33.951787
1 -24.524565 29.138590
1 3.240580 -38.983974
2 9.787603 -28.254518
2 35.150090 -40.430290
0 91.187590 -5.331065
2 -52.693791 -58.364905
0 87.262961 -26.643441
2 -21.641693 89.121649
0 25.572603 -15.605089
0 -40.475611 -36.399920
2 88.662980 42.818250
1 -50.320994 -7.593325
0 21.424487 32.576075
0 80.994198 95.386942
1 -24.336867 65.911389
1 17.298228 -26.010881
1 90.654787 -92.846510
1 79.776436 -58.802289
2 -35.828653 26.797611
0 27.771427 44.780342
2 -29.410323 -23.397322
1 62.996352 -16.099551
2 -4.427574 94.438799
0 -9.040631 -85.235247
0 -43.129243 70.240796
2 30.859876 16.904430
0 38.013366 10.874273
2 79.211077 -7.892923
1 6.008688 51.698188
1 -49.210970 36.861902
1 27.391708 81.550005
2 -88.707843 -85.098912
0 -94.269043 -2.068824
1 -79.504290 2.385752
2 90.736506 -12.165475
1 7.640936 48.946432
2 -81.484791 27.356566
2 10.622286 -3.578514
0 -37.679525 -54.737157
0 99.182377 -41.724454
1 80.732382 99.059675
0 95.633470 -89.566518
1 -6.435354 84.803640
2 95.950398 -45.253776
0 -16.215076 -84.351823
2 -67.268645 -66.579113
0 60.087921 82.053473
2 -43.490593 -31.300575
0 1.772249 34.556454
1 60.047795 6.422171
1 59.107470 29.076917
1 69.540952 -20.876627
0 54.344592 -59.538015
1 -90.909185 -92.468445
2 -75.261008 95.096834
0 -41.840121 73.398619
2 -59.786648 -40.658660
0 8.912777 63.799270
2 -56.530768 78.879487
0 49.891402 -43.719821
1 -21.031680 32.863247
0 58.091692 90.178698
0 98.553677 -56.872382
1 -93.914768 89.641184
0 -98.817935 32.105149
1 74.580684 58.354037
2 -66.077976 -82.665720
1 97.721294 -63.597556
1 76.600781 11.980015
0 -67.119040 -10.670165
0 65.744207 -73.272550
0 55.922905 23.232535
2 99.050522 89.278572
0 88.691706 -90.330799
0 20.796855 -60.849355
0 -20.849108 -6.628919
1 -3.514828 -94.248604
2 32.887616 58.345064
1 -55.132370 -80.148491
2 34.197465 24.827186
0 60.924914 79.694264
2 -15.842551 13.529663
2 -26.563979 -94.543247
1 -16.894778 -4.062479
1 22.255867 92.503521
0 -84.373052 -9.748414
0 -78.621656 62.580335
1 79.723409 -31.168892
1 99.574917 72.803175
0 24.402103 -46.623977
1 4.096367 66.829832
2 -82.373970 -53.972153
0 -76.917217 -18.851234
2 19.020304 15.320208
2 11.523825 38.183357
2 -98.224589 -18.156640
0 64.355746 4.654255
0 -66.813145 -76.049678
0 -94.009970 -23.865995
2 -40.633946 73.185317
2 -73.804115 -95.565906
1 -27.776268 96.607785
2 53.372498 -27.061075
2 -31.307294 -77.293915
1 -93.123937 -44.421532
1 -11.280577 -89.293282
2 93.373678 81.461916
1 -82.676000 73.595458
0 -6.541995 45.452409
0 -33.356678 16.884277
0 -28.922585 -87.281752
0 -32.314800 -87.351414
0 40.624125 -69.795046
0 63.330210 -29.155896
2 -81.091322 -69.496442
0 -70.384604 1.686837
0 -88.922688 74.645527
1 84.672770 -88.040038
1 30.125179 -17.538747
0 -52.990544 58.952573
0 -40.272296 -5.190053
1 -27.623710 -43.136794
0 2.581244 -8.859803
2 73.425348 -21.210314
0 -96.071094 35.131881
2 5.615743 98.350138
1 -19.738731 50.287819
1 -7.778768 -4.400824
2 74.682484 -41.765466
1 33.635058 14.327897
0 -71.554995 -62.935419
2 -14.691789 -69.121320
1 76.448409 -7.622020
2 -44.761905 -5.498596
2 90.369976 -40.044961
2 88.720114 -55.682648
0 39.007933 -41.704940
0 -65.392891 -16.649919
2 -7.158357 -6.922129
0 -92.830460 -67.069160
1 -55.765880 -80.206735
2 -24.887200 -33.616607
2 67.490780 85.349811
0 -38.007816 -93.102527
2 21.947223 -98.129518
2 66.264575 -99.227603
1 -75.440365 5.290056
2 7.909716 -9.931017
2 -99.012413 67.069142
0 -66.081572 -81.248214
2 -46.288308 -95.930514
0 20.095085 -82.167808
0 5.444896 16.903109
0 12.342368 92.422435
0 14.212850 23.179855
2 14.985248 -55.692749
2 -79.724697 54.154762
0 10.344287 -96.989795
0 -22.586571 -13.527244
2 -3.834786 -37.223049
0 0.234701 -53.749314
1 18.066893 -26.041459
0 -65.029998 76.779196
0 -72.607564 -52.909368
2 50.572292 79.394252
0 94.879543 -66.354906
1 49.034304 -45.839488
0 52.044509 -0.764435
0 -61.482735 -47.779666
0 1.294217 -93.807310
2 47.544903 94.083474
2 -78.496557 -64.314050
0 98.282640 97.383510
2 -54.626728 -35.474033
0 -75.232477 -55.989209
2 -41.587382 37.708467
2 12.573130 46.391389
1 -88.191305 75.349616
1 -35.970972 14.652128
1 -29.778282 31.368069
1 -35.694808 -55.750775
1 -0.008858 -42.634920
2 -2.625348 88.547829
1 61.900619 54.700579
1 -94.088589 48.245766
2 43.619877 -7.636756
1 -9.988734 -68.639735
1 -34.639118 19.391590
1 80.013010 59.467424
2 11.381079 -61.939477
2 55.630304 -82.052161
1 -87.004616 45.380058
1 -98.456787 -5.684280
1 56.243792 -58.465979
0 4.489558 -65.874405
2 96.852802 -48.515309
2 -71.786933 27.256405
0 47.604657 15.601249
2 7.072081 15.754788
1 45.132605 79.937355
0 63.080444 14.341641

---------------------------------------------------------

Output:
Fraction -6.545167/0.003720 - -1759.453495
Coordinates (66.264575; -99.227603) - -99.227603
Coordinates (6.591967; -98.799045) - -98.799045
Coordinates (21.947223; -98.129518) - -98.129518
Coordinates (-67.835115; -97.226749) - -97.226749
Coordinates (87.975711; -96.911226) - -96.911226
Coordinates (69.024576; -96.764505) - -96.764505
Coordinates (25.220168; -96.202422) - -96.202422
Coordinates (-46.288308; -95.930514) - -95.930514
Coordinates (-73.804115; -95.565906) - -95.565906
Coordinates (-98.984759; -95.227360) - -95.227360
Coordinates (19.096853; -94.929014) - -94.929014
Coordinates (-26.563979; -94.543247) - -94.543247
Coordinates (-79.513115; -94.299924) - -94.299924
Coordinates (-13.509679; -93.986976) - -93.986976
Coordinates (-77.568687; -93.678729) - -93.678729
Coordinates (41.275646; -93.381868) - -93.381868
Coordinates (-46.152127; -92.518732) - -92.518732
Coordinates (59.694874; -91.744791) - -91.744791
Coordinates (69.000990; -90.234837) - -90.234837
Coordinates (-89.626224; -89.404637) - -89.404637
Coordinates (-85.147914; -88.255351) - -88.255351
Coordinates (-10.832702; -86.460797) - -86.460797
Coordinates (89.865415; -86.048945) - -86.048945
Coordinates (-1.821700; -86.011246) - -86.011246
Coordinates (92.510221; -85.735599) - -85.735599
Coordinates (-99.167678; -85.534240) - -85.534240
Coordinates (-88.707843; -85.098912) - -85.098912
Coordinates (-42.984082; -84.875030) - -84.875030
Coordinates (-97.038621; -83.840946) - -83.840946
Coordinates (-71.542131; -83.484605) - -83.484605
Coordinates (-61.557231; -82.788830) - -82.788830
Coordinates (-66.077976; -82.665720) - -82.665720
Coordinates (-95.898330; -82.294339) - -82.294339
Coordinates (37.509101; -82.078199) - -82.078199
Coordinates (55.630304; -82.052161) - -82.052161
Coordinates (-7.311598; -81.501252) - -81.501252
Coordinates (-80.088141; -81.216098) - -81.216098
Coordinates (49.346066; -80.991450) - -80.991450
Coordinates (96.221718; -80.663722) - -80.663722
Coordinates (-99.577390; -80.496301) - -80.496301
Coordinates (78.544288; -80.491254) - -80.491254
Coordinates (-34.857710; -79.862864) - -79.862864
Coordinates (22.845341; -79.828604) - -79.828604
Coordinates (-48.665337; -78.745629) - -78.745629
Coordinates (29.441476; -78.430344) - -78.430344
Coordinates (91.604462; -77.914589) - -77.914589
Coordinates (-27.679818; -77.744874) - -77.744874
Coordinates (-19.892768; -77.402413) - -77.402413
Coordinates (-31.307294; -77.293915) - -77.293915
Coordinates (-99.990624; -77.160166) - -77.160166
Coordinates (-41.762357; -76.601096) - -76.601096
Coordinates (-27.877949; -76.155208) - -76.155208
Coordinates (69.328434; -75.152745) - -75.152745
Coordinates (49.888632; -74.784017) - -74.784017
Coordinates (-54.489623; -74.666151) - -74.666151
Coordinates (-97.367707; -74.067320) - -74.067320
Fraction 94.555005/-1.283403 - -73.675225
Coordinates (-89.698343; -73.659571) - -73.659571
Coordinates (17.823721; -72.765898) - -72.765898
Coordinates (50.067423; -72.266527) - -72.266527
Coordinates (-14.049743; -71.758681) - -71.758681
Coordinates (21.393775; -71.679489) - -71.679489
Coordinates (25.894111; -70.191880) - -70.191880
Coordinates (56.858907; -69.980231) - -69.980231
Coordinates (-52.702097; -69.587531) - -69.587531
Coordinates (-81.091322; -69.496442) - -69.496442
Coordinates (-14.691789; -69.121320) - -69.121320
Coordinates (-19.811121; -68.664182) - -68.664182
Coordinates (0.692197; -68.572163) - -68.572163
Coordinates (49.446113; -68.489065) - -68.489065
Coordinates (43.879983; -67.773436) - -67.773436
Coordinates (-11.979094; -66.805167) - -66.805167
Coordinates (-67.268645; -66.579113) - -66.579113
Coordinates (-64.202671; -65.455574) - -65.455574
Coordinates (87.542776; -65.339874) - -65.339874
Coordinates (-65.926371; -65.155623) - -65.155623
Coordinates (-78.496557; -64.314050) - -64.314050
Coordinates (-14.715355; -63.822763) - -63.822763
Coordinates (45.940313; -62.794292) - -62.794292
Coordinates (82.052311; -62.609867) - -62.609867
Coordinates (-42.562108; -62.350388) - -62.350388
Coordinates (18.222120; -62.187277) - -62.187277
Coordinates (11.381079; -61.939477) - -61.939477
Coordinates (35.468345; -60.076550) - -60.076550
Coordinates (-48.984701; -60.012369) - -60.012369
Coordinates (60.645337; -59.553533) - -59.553533
Coordinates (-48.130972; -59.534720) - -59.534720
Coordinates (-52.693791; -58.364905) - -58.364905
Coordinates (21.308434; -57.861688) - -57.861688
Coordinates (33.665110; -57.827370) - -57.827370
Coordinates (-5.221205; -57.823416) - -57.823416
Coordinates (92.618421; -57.679142) - -57.679142
Coordinates (58.775702; -56.708627) - -56.708627
Coordinates (-4.489754; -56.172788) - -56.172788
Coordinates (-60.395882; -55.798127) - -55.798127
Coordinates (14.985248; -55.692749) - -55.692749
Coordinates (88.720114; -55.682648) - -55.682648
Coordinates (63.058714; -54.637713) - -54.637713
Coordinates (15.740495; -54.003239) - -54.003239
Coordinates (-82.373970; -53.972153) - -53.972153
Coordinates (19.422702; -53.486989) - -53.486989
Coordinates (85.315159; -53.376223) - -53.376223
Coordinates (88.939357; -52.950963) - -52.950963
Coordinates (32.382832; -52.785704) - -52.785704
Coordinates (12.896826; -52.430824) - -52.430824
Coordinates (94.126826; -52.344009) - -52.344009
Coordinates (-27.967143; -50.566425) - -50.566425
Coordinates (3.927932; -50.513898) - -50.513898
Coordinates (29.368095; -50.147593) - -50.147593
Coordinates (-78.132569; -49.113506) - -49.113506
Coordinates (96.852802; -48.515309) - -48.515309
Coordinates (-36.490479; -47.041492) - -47.041492
Coordinates (95.950398; -45.253776) - -45.253776
Coordinates (-74.913359; -43.881381) - -43.881381
Coordinates (63.032477; -43.829785) - -43.829785
Coordinates (10.547519; -42.970164) - -42.970164
Coordinates (-33.722836; -42.346096) - -42.346096
Coordinates (74.682484; -41.765466) - -41.765466
Coordinates (-50.407538; -41.713747) - -41.713747
Coordinates (-59.786648; -40.658660) - -40.658660
Coordinates (-62.119727; -40.603969) - -40.603969
Coordinates (35.150090; -40.430290) - -40.430290
Coordinates (90.369976; -40.044961) - -40.044961
Coordinates (-72.383605; -39.014289) - -39.014289
Coordinates (42.417452; -39.008863) - -39.008863
Coordinates (-10.593284; -38.508425) - -38.508425
Coordinates (9.522592; -37.287983) - -37.287983
Coordinates (-3.834786; -37.223049) - -37.223049
Coordinates (-13.198286; -36.868394) - -36.868394
Coordinates (76.585651; -36.623148) - -36.623148
Coordinates (-54.626728; -35.474033) - -35.474033
Coordinates (-24.887200; -33.616607) - -33.616607
Fraction -79.504290/2.385752 - -33.324625
Coordinates (-12.411672; -33.233624) - -33.233624
Coordinates (-77.558930; -32.569902) - -32.569902
Coordinates (-43.490593; -31.300575) - -31.300575
Coordinates (-98.185313; -31.231724) - -31.231724
Coordinates (-58.857161; -30.490809) - -30.490809
Coordinates (5.212235; -29.958504) - -29.958504
Coordinates (61.544904; -29.508331) - -29.508331
Coordinates (11.728959; -28.926251) - -28.926251
Coordinates (9.787603; -28.254518) - -28.254518
Coordinates (10.497004; -28.180926) - -28.180926
Coordinates (-35.038600; -27.911479) - -27.911479
Coordinates (53.372498; -27.061075) - -27.061075
Coordinates (2.680182; -27.043105) - -27.043105
Fraction -77.470412/3.009816 - -25.739252
Coordinates (-23.622470; -25.159832) - -25.159832
Coordinates (26.070229; -24.673831) - -24.673831
Coordinates (-15.956375; -24.206791) - -24.206791
Coordinates (87.792670; -24.025114) - -24.025114
Coordinates (-29.410323; -23.397322) - -23.397322
Coordinates (6.569198; -22.850353) - -22.850353
Coordinates (43.239894; -21.822392) - -21.822392
Coordinates (-0.713807; -21.250782) - -21.250782
Coordinates (73.425348; -21.210314) - -21.210314
Coordinates (-57.686907; -20.140021) - -20.140021
Coordinates (78.305890; -19.954276) - -19.954276
Coordinates (-27.569134; -19.858190) - -19.858190
Coordinates (-16.068094; -19.172847) - -19.172847
Coordinates (-98.224589; -18.156640) - -18.156640
Coordinates (-66.078583; -16.699744) - -16.699744
Coordinates (47.893347; -16.565280) - -16.565280
Coordinates (2.588282; -15.045253) - -15.045253
Coordinates (86.898929; -14.534456) - -14.534456
Coordinates (80.907705; -14.338298) - -14.338298
Fraction -75.440365/5.290056 - -14.260788
Coordinates (-37.191367; -13.052012) - -13.052012
Coordinates (22.218676; -12.770282) - -12.770282
Coordinates (91.727392; -12.700601) - -12.700601
Fraction -59.810625/4.709675 - -12.699523
Coordinates (86.367011; -12.472481) - -12.472481
Coordinates (-47.623324; -12.215222) - -12.215222
Coordinates (90.736506; -12.165475) - -12.165475
Coordinates (13.750796; -11.442278) - -11.442278
Coordinates (-4.527715; -10.651496) - -10.651496
Coordinates (48.524519; -10.575474) - -10.575474
Fraction 76.448409/-7.622020 - -10.029941
Coordinates (7.909716; -9.931017) - -9.931017
Coordinates (-32.729775; -9.816488) - -9.816488
Fraction 97.293423/-10.178978 - -9.558270
Coordinates (37.477487; -9.484831) - -9.484831
Fraction -71.150747/7.531958 - -9.446514
Fraction 67.870147/-7.870705 - -8.623134
Coordinates (71.083766; -8.589525) - -8.589525
Coordinates (38.349068; -8.127053) - -8.127053
Coordinates (-42.785128; -7.938116) - -7.938116
Coordinates (79.211077; -7.892923) - -7.892923
Coordinates (-8.565877; -7.846345) - -7.846345
Coordinates (43.619877; -7.636756) - -7.636756
Coordinates (29.709025; -7.630443) - -7.630443
Coordinates (-7.158357; -6.922129) - -6.922129
Fraction -23.191733/3.687110 - -6.289949
Fraction 63.181072/-10.195940 - -6.196689
Fraction 70.756901/-12.201912 - -5.798837
Coordinates (-44.761905; -5.498596) - -5.498596
Fraction 35.613565/-6.494141 - -5.483953
Fraction 62.780734/-13.631297 - -4.605632
Fraction -88.227901/19.268102 - -4.578962
Coordinates (-95.019643; -4.535453) - -4.535453
Fraction 43.445346/-10.027612 - -4.332572
Fraction -92.997232/23.187055 - -4.010739
Fraction 86.543235/-21.989925 - -3.935586
Fraction 62.996352/-16.099551 - -3.912926
Fraction -20.936796/5.365398 - -3.902189
Fraction 82.605335/-21.661954 - -3.813383
Fraction -66.232567/17.402241 - -3.805979
Fraction -72.199838/19.941309 - -3.620617
Coordinates (10.622286; -3.578514) - -3.578514
Fraction 69.540952/-20.876627 - -3.331043
Fraction -21.380548/7.406042 - -2.886906
Fraction 79.723409/-31.168892 - -2.557788
Fraction -61.794466/24.433322 - -2.529106
Fraction 79.512053/-32.351415 - -2.457761
Coordinates (59.046253; -2.455860) - -2.455860
Fraction -35.970972/14.652128 - -2.455000
Fraction 88.644418/-37.531305 - -2.361879
Fraction -78.143072/33.511889 - -2.331801
Fraction -58.838157/27.381021 - -2.148866
Fraction -99.558156/47.380162 - -2.101262
Fraction 52.049747/-24.958605 - -2.085443
Fraction -94.197874/47.029470 - -2.002954
Fraction -12.956838/6.529315 - -1.984410
Fraction -94.088589/48.245766 - -1.950194
Fraction -60.932705/31.379945 - -1.941772
Fraction -87.004616/45.380058 - -1.917243
Fraction 81.905733/-43.372329 - -1.888433
Fraction -56.169022/30.617337 - -1.834550
Fraction -43.788118/23.919297 - -1.830661
Fraction -34.639118/19.391590 - -1.786296
Fraction -89.662970/51.228578 - -1.750253
Fraction 47.958805/-27.817211 - -1.724069
Fraction 30.125179/-17.538747 - -1.717636
Fraction 65.541034/-38.619538 - -1.697095
Fraction 98.839195/-58.548666 - -1.688155
Fraction -89.597936/54.541186 - -1.642757
Fraction 96.872641/-62.049804 - -1.561208
Fraction 66.444962/-42.563803 - -1.561067
Fraction 97.721294/-63.597556 - -1.536557
Coordinates (-7.267570; -1.520236) - -1.520236
Fraction -53.864528/36.034022 - -1.494824
Fraction -99.475485/69.126600 - -1.439033
Fraction -75.502182/52.574251 - -1.436106
Fraction 48.757547/-34.626398 - -1.408103
Fraction -77.407143/55.011511 - -1.407108
Fraction 79.776436/-58.802289 - -1.356689
Fraction -62.249669/46.387696 - -1.341944
Fraction -49.210970/36.861902 - -1.335009
Fraction 77.991129/-59.134278 - -1.318882
Fraction -8.552068/6.502829 - -1.315130
Fraction -74.638961/58.183959 - -1.282810
Fraction 60.204775/-47.075233 - -1.278906
Fraction 99.784904/-78.238240 - -1.275398
Fraction 40.534388/-32.185839 - -1.259386
Fraction 65.961660/-53.268758 - -1.238280
Fraction -74.052520/60.141555 - -1.231304
Fraction -88.191305/75.349616 - -1.170428
Fraction -18.316587/15.953053 - -1.148156
Coordinates (-18.317169; -1.136573) - -1.136573
Fraction -82.676000/73.595458 - -1.123385
Fraction 67.597178/-61.301468 - -1.102701
Fraction 30.775984/-27.978977 - -1.099968
Fraction 84.095900/-78.242953 - -1.074805
Fraction 49.034304/-45.839488 - -1.069696
Fraction -93.914768/89.641184 - -1.047674
Fraction -29.190264/27.995763 - -1.042667
Fraction 41.652490/-41.422888 - -1.005543
Fraction 90.654787/-92.846510 - -0.976394
Fraction 56.243792/-58.465979 - -0.961992
Fraction 84.672770/-88.040038 - -0.961753
Fraction -82.069002/85.735538 - -0.957234
Fraction -46.486528/48.811232 - -0.952374
Fraction -37.609906/39.569645 - -0.950474
Fraction -29.778282/31.368069 - -0.949318
Fraction 55.482048/-60.820425 - -0.912227
Fraction -57.838706/66.419003 - -0.870816
Fraction -38.802503/45.369232 - -0.855260
Fraction 37.553284/-43.962500 - -0.854212
Fraction -24.524565/29.138590 - -0.841652
Fraction -33.421591/40.637249 - -0.822437
Fraction -61.645625/75.120872 - -0.820619
Fraction 31.423982/-39.647380 - -0.792587
Fraction 27.331269/-35.509754 - -0.769683
Fraction -65.387069/86.654508 - -0.754572
Fraction -41.264386/54.877247 - -0.751940
Fraction -68.932724/93.136316 - -0.740127
Fraction 49.014278/-67.179613 - -0.729600
Fraction 18.066893/-26.041459 - -0.693774
Fraction -64.156333/92.849678 - -0.690970
Fraction -48.683317/72.429341 - -0.672149
Fraction 17.298228/-26.010881 - -0.665038
Fraction -63.980739/96.840329 - -0.660683
Fraction -21.031680/32.863247 - -0.639976
Fraction -10.675668/16.824244 - -0.634541
Fraction 12.156902/-19.524245 - -0.622657
Fraction -55.616492/89.400193 - -0.622107
Fraction -46.383260/78.563034 - -0.590395
Fraction -17.221185/31.219684 - -0.551613
Fraction 36.978600/-67.485500 - -0.547949
Fraction -30.223725/56.056570 - -0.539165
Fraction -17.503481/32.882882 - -0.532298
Fraction -33.704185/65.478227 - -0.514739
Fraction 45.659135/-91.221743 - -0.500529
Fraction -35.461049/71.888280 - -0.493280
Fraction -29.629745/61.635831 - -0.480723
Fraction -37.501875/78.084060 - -0.480276
Fraction -34.474796/72.974618 - -0.472422
Fraction 34.921049/-78.053462 - -0.447399
Fraction -40.725664/93.841953 - -0.433981
Fraction 28.237630/-66.470310 - -0.424816
Fraction -4.520590/10.793991 - -0.418806
Fraction -35.091717/87.170348 - -0.402565
Fraction 39.619254/-98.609164 - -0.401781
Fraction 29.101298/-74.091523 - -0.392775
Fraction -19.738731/50.287819 - -0.392515
Fraction 23.791667/-62.476718 - -0.380809
Fraction -29.927964/78.674483 - -0.380402
Fraction -24.336867/65.911389 - -0.369236
Fraction -22.535492/61.591852 - -0.365884
Fraction -25.827064/72.555744 - -0.355962
Fraction 15.344206/-50.785759 - -0.302136
Fraction 12.201471/-41.079740 - -0.297019
Fraction 9.852210/-33.221141 - -0.296564
Coordinates (-75.748243; -0.294904) - -0.294904
Fraction 26.704434/-92.636481 - -0.288271
Fraction -27.776268/96.607785 - -0.287516
Fraction -5.887158/20.875754 - -0.282009
Fraction 19.192536/-69.215447 - -0.277287
Fraction -20.802414/76.146958 - -0.273188
Fraction -19.622777/78.651773 - -0.249489
Fraction 15.804301/-70.331612 - -0.224711
Fraction -10.953067/49.788394 - -0.219992
Fraction 18.103521/-82.359860 - -0.219810
Fraction 19.755041/-93.370365 - -0.211577
Fraction -6.833046/33.581664 - -0.203476
Fraction 12.850348/-71.106407 - -0.180720
Fraction 10.784938/-62.927027 - -0.171388
Fraction 8.632975/-50.462949 - -0.171076
Fraction 11.866935/-70.160295 - -0.169140
Fraction -12.088016/71.735265 - -0.168509
Fraction -13.377231/83.543444 - -0.160123
Fraction 15.722515/-98.603977 - -0.159451
Fraction 12.388177/-95.781196 - -0.129338
Fraction 8.449313/-83.918905 - -0.100684
Fraction 3.240580/-38.983974 - -0.083126
Fraction -6.435354/84.803640 - -0.075885
Fraction 4.042014/-73.019518 - -0.055355
Fraction -3.501869/82.194406 - -0.042605
Fraction -0.846565/27.410792 - -0.030884
Fraction -1.118624/86.684004 - -0.012905
Fraction -0.371215/74.795794 - -0.004963
Fraction -0.144476/84.531678 - -0.001709
Fraction -0.008858/-42.634920 - 0.000208
Fraction 0.480253/24.931632 - 0.019263
Fraction -3.514828/-94.248604 - 0.037293
Fraction 3.809564/94.629313 - 0.040258
Fraction -4.422694/-93.599182 - 0.047251
Fraction -4.044572/-79.553347 - 0.050841
Fraction 4.096367/66.829832 - 0.061295
Fraction -8.459653/-95.995390 - 0.088126
Fraction -8.767502/-78.278482 - 0.112004
Fraction 6.008688/51.698188 - 0.116226
Fraction -11.280577/-89.293282 - 0.126332
Fraction -8.392203/-63.246931 - 0.132689
Coordinates (35.530982; 0.141311) - 0.141311
Fraction -9.988734/-68.639735 - 0.145524
Fraction 7.640936/48.946432 - 0.156108
Fraction 15.394223/98.445692 - 0.156373
Fraction -17.253634/-95.858388 - 0.179991
Fraction -14.821151/-66.050359 - 0.224392
Fraction 14.663726/63.935456 - 0.229352
Fraction 22.255867/92.503521 - 0.240595
Fraction -17.384434/-71.203600 - 0.244151
Fraction 24.811921/91.541869 - 0.271045
Fraction -18.157479/-65.325439 - 0.277954
Fraction 22.282187/77.962544 - 0.285806
Fraction 27.391708/81.550005 - 0.335888
Fraction 28.019689/76.145018 - 0.367978
Fraction -22.943679/-57.546267 - 0.398700
Fraction 13.839604/33.951787 - 0.407625
Fraction -8.861922/-20.863160 - 0.424764
Fraction 34.653873/76.659789 - 0.452048
Fraction 42.504463/91.819245 - 0.462915
Fraction -34.138294/-71.422244 - 0.477978
Fraction -38.003691/-73.297692 - 0.518484
Fraction 36.690632/70.357254 - 0.521490
Fraction -48.506220/-92.734520 - 0.523065
Fraction -41.365705/-73.322398 - 0.564162
Fraction -38.350629/-67.967621 - 0.564249
Fraction 45.132605/79.937355 - 0.564600
Fraction 45.233810/78.942171 - 0.572999
Fraction 45.780539/78.463561 - 0.583462
Fraction 18.538379/29.304037 - 0.632622
Fraction -35.694808/-55.750775 - 0.640257
Fraction -27.623710/-43.136794 - 0.640375
Fraction 57.653051/87.929861 - 0.655671
Fraction -45.217766/-67.448651 - 0.670403
Fraction -28.561389/-41.834267 - 0.682727
Fraction 40.683249/59.357628 - 0.685392
Fraction -59.068983/-86.018720 - 0.686699
Fraction -55.132370/-80.148491 - 0.687878
Fraction 33.974286/48.877911 - 0.695085
Fraction -55.765880/-80.206735 - 0.695277
Fraction -42.452720/-60.055232 - 0.706895
Fraction 11.252002/15.040550 - 0.748111
Fraction -68.438574/-89.612236 - 0.763719
Fraction 58.849411/76.908686 - 0.765185
Fraction 73.493814/92.313035 - 0.796137
Fraction 80.732382/99.059675 - 0.814987
Fraction 30.626066/36.951307 - 0.828822
Fraction -68.544981/-79.709169 - 0.859938
Fraction 68.822604/79.411065 - 0.866663
Fraction 49.937931/57.545858 - 0.867794
Fraction -87.131683/-99.308384 - 0.877385
Fraction 34.787299/39.196758 - 0.887504
Fraction -71.355174/-79.511423 - 0.897420
Fraction -28.011552/-31.208111 - 0.897573
Fraction -83.117801/-91.321058 - 0.910171
Fraction -87.287881/-93.421470 - 0.934345
Fraction -90.909185/-92.468445 - 0.983137
Fraction -96.496044/-96.288834 - 1.002152
Fraction -36.669408/-36.361836 - 1.008459
Fraction -95.827217/-89.947345 - 1.065370
Fraction 61.900619/54.700579 - 1.131626
Fraction 81.902382/71.365152 - 1.147652
Fraction 77.789750/66.002367 - 1.178590
Fraction -81.974059/-69.171709 - 1.185081
Fraction -90.726962/-75.206106 - 1.206378
Fraction -79.944716/-65.836132 - 1.214298
Fraction -15.244696/-12.466642 - 1.222839
Fraction 77.347266/63.039366 - 1.226968
Fraction -51.186256/-41.364525 - 1.237443
Fraction 79.024914/62.958895 - 1.255183
Fraction 91.755977/71.825965 - 1.277476
Fraction 74.580684/58.354037 - 1.278072
Fraction -68.336845/-52.225335 - 1.308500
Fraction 80.013010/59.467424 - 1.345493
Fraction -87.968865/-64.337215 - 1.367309
Fraction 99.574917/72.803175 - 1.367728
Fraction 82.329472/59.688007 - 1.379330
Fraction -68.282592/-49.493063 - 1.379640
Fraction -77.417758/-55.404405 - 1.397321
Fraction -91.054106/-64.917379 - 1.402615
Fraction 91.791377/64.266157 - 1.428300
Fraction -69.754003/-48.218776 - 1.446615
Fraction 99.124098/68.207990 - 1.453262
Coordinates (-91.982587; 1.523426) - 1.523426
Fraction -41.167928/-26.267292 - 1.567270
Fraction 79.508173/50.675828 - 1.568957
Fraction 38.738414/23.893952 - 1.621264
Fraction -38.918399/-23.566571 - 1.651424
Fraction -12.287640/-7.429550 - 1.653888
Fraction 80.673268/48.762241 - 1.654421
Fraction 22.993672/13.345552 - 1.722946
Fraction 84.514404/48.745414 - 1.733792
Fraction -7.778768/-4.400824 - 1.767571
Fraction 92.700950/52.322489 - 1.771723
Fraction 33.311318/18.642291 - 1.786868
Fraction 92.202824/49.753664 - 1.853187
Fraction -79.463356/-39.945090 - 1.989315
Fraction 59.107470/29.076917 - 2.032797
Fraction 50.587043/24.597563 - 2.056588
Fraction -63.075506/-30.576825 - 2.062853
Coordinates (-90.300064; 2.069805) - 2.069805
Fraction -93.123937/-44.421532 - 2.096369
Fraction -96.860152/-44.164496 - 2.193168
Fraction 52.752766/23.516437 - 2.243230
Fraction -81.015407/-34.896355 - 2.321601
Fraction 33.635058/14.327897 - 2.347522
Fraction -18.204390/-7.702219 - 2.363525
Fraction -93.669353/-38.447356 - 2.436302
Fraction 87.350705/33.693716 - 2.592492
Fraction 54.137176/20.285349 - 2.668782
Coordinates (-14.717688; 2.870339) - 2.870339
Fraction -81.185464/-28.210496 - 2.877846
Coordinates (56.606100; 2.904972) - 2.904972
Fraction -88.140450/-29.819776 - 2.955772
Coordinates (0.991204; 3.142501) - 3.142501
Fraction 56.761472/16.336438 - 3.474532
Coordinates (-24.240168; 3.478146) - 3.478146
Fraction -40.260309/-11.544433 - 3.487422
Fraction -52.725003/-14.927889 - 3.531980
Coordinates (84.820819; 3.544447) - 3.544447
Fraction 41.723122/11.458294 - 3.641303
Fraction -16.894778/-4.062479 - 4.158736
Coordinates (23.785076; 5.149423) - 5.149423
Fraction -96.508679/-18.646685 - 5.175648
Coordinates (69.600019; 5.366037) - 5.366037
Coordinates (0.295953; 5.403464) - 5.403464
Coordinates (-64.573404; 5.414991) - 5.414991
Fraction -48.444322/-8.904654 - 5.440337
Coordinates (-55.454131; 5.950809) - 5.950809
Coordinates (51.458766; 6.161598) - 6.161598
Fraction 76.600781/11.980015 - 6.394047
Coordinates (-82.471274; 6.488195) - 6.488195
Fraction -50.320994/-7.593325 - 6.627004
Fraction -76.177744/-11.487953 - 6.631098
Coordinates (-12.158540; 6.650519) - 6.650519
Complex number (-6.505825; 1.481910) - 6.672467
Coordinates (-96.669884; 7.635055) - 7.635055
Coordinates (-34.131668; 7.916786) - 7.916786
Coordinates (-65.033998; 8.977085) - 8.977085
Coordinates (-57.381202; 9.071145) - 9.071145
Coordinates (43.853715; 9.221376) - 9.221376
Complex number (2.581244; -8.859803) - 9.228160
Coordinates (45.070835; 9.234363) - 9.234363
Fraction 60.047795/6.422171 - 9.350077
Coordinates (-68.959627; 9.544568) - 9.544568
Fraction 35.957673/3.719136 - 9.668287
Fraction -73.488485/-7.586998 - 9.686108
Coordinates (43.249354; 10.260422) - 10.260422
Fraction -83.163071/-7.610187 - 10.927862
Coordinates (-97.084131; 11.079547) - 11.079547
Coordinates (5.212390; 11.694615) - 11.694615
Coordinates (-51.474832; 12.723488) - 12.723488
Coordinates (-96.903121; 13.323617) - 13.323617
Coordinates (-15.842551; 13.529663) - 13.529663
Coordinates (-75.467192; 13.615201) - 13.615201
Coordinates (-88.917872; 13.675880) - 13.675880
Complex number (10.326579; 9.249685) - 13.863438
Coordinates (-66.632586; 14.546997) - 14.546997
Coordinates (2.698175; 15.209589) - 15.209589
Coordinates (-91.324198; 15.295869) - 15.295869
Fraction 98.705543/6.443666 - 15.318228
Coordinates (19.020304; 15.320208) - 15.320208
Coordinates (7.072081; 15.754788) - 15.754788
Coordinates (-81.737154; 15.898773) - 15.898773
Complex number (4.366891; -15.324409) - 15.934467
Coordinates (-91.126783; 15.993096) - 15.993096
Complex number (-16.410579; -3.016106) - 16.685443
Complex number (5.979844; 15.726969) - 16.825460
Coordinates (30.859876; 16.904430) - 16.904430
Complex number (16.450029; 5.304510) - 17.284134
Fraction -98.456787/-5.684280 - 17.320890
Complex number (5.444896; 16.903109) - 17.758434
Complex number (-14.760125; 11.512123) - 18.718714
Coordinates (-63.925547; 18.778436) - 18.778436
Coordinates (31.440182; 18.899454) - 18.899454
Complex number (18.507984; -5.703314) - 19.366808
Coordinates (29.120297; 19.379801) - 19.379801
Coordinates (66.648659; 19.696260) - 19.696260
Coordinates (-5.062570; 19.914536) - 19.914536
Coordinates (67.106515; 20.365379) - 20.365379
Complex number (-1.515656; 20.621765) - 20.677389
Coordinates (-29.782020; 20.682222) - 20.682222
Coordinates (13.884717; 21.170081) - 21.170081
Coordinates (-98.775610; 21.477335) - 21.477335
Complex number (18.955846; 10.336216) - 21.590773
Complex number (-20.849108; -6.628919) - 21.877565
Coordinates (-57.642819; 23.178893) - 23.178893
Coordinates (-91.827139; 24.364564) - 24.364564
Coordinates (34.197465; 24.827186) - 24.827186
Complex number (11.704741; -21.942218) - 24.868894
Coordinates (3.542944; 25.133064) - 25.133064
Coordinates (67.220750; 25.192822) - 25.192822
Coordinates (46.145869; 25.431577) - 25.431577
Coordinates (-26.576307; 25.575972) - 25.575972
Coordinates (84.702543; 26.048631) - 26.048631
Complex number (-22.586571; -13.527244) - 26.327543
Complex number (19.858137; -17.689764) - 26.594611
Coordinates (-55.268717; 26.614439) - 26.614439
Coordinates (-35.828653; 26.797611) - 26.797611
Complex number (-24.257903; -11.391473) - 26.799469
Complex number (17.578243; 20.406071) - 26.933295
Complex number (27.049216; 1.673877) - 27.100958
Complex number (14.212850; 23.179855) - 27.190270
Coordinates (-71.786933; 27.256405) - 27.256405
Fraction -68.545577/-2.514627 - 27.258745
Coordinates (-81.484791; 27.356566) - 27.356566
Coordinates (55.133084; 27.546548) - 27.546548
Coordinates (-63.599429; 27.581241) - 27.581241
Coordinates (40.067922; 27.681886) - 27.681886
Coordinates (-70.353950; 27.839704) - 27.839704
Coordinates (-11.332228; 29.026793) - 29.026793
Complex number (25.572603; -15.605089) - 29.957918
Complex number (30.618541; 4.423734) - 30.936459
Coordinates (-34.958782; 31.162554) - 31.162554
Complex number (10.819415; -29.636146) - 31.549341
Complex number (27.554194; 17.831337) - 32.820576
Complex number (-22.597832; 24.442807) - 33.288329
Coordinates (-0.548296; 33.376067) - 33.376067
Complex number (30.805727; -13.120381) - 33.483387
Complex number (30.566198; 14.350911) - 33.767456
Complex number (6.321287; 33.544752) - 34.135159
Complex number (3.468118; 33.983660) - 34.160167
Complex number (1.772249; 34.556454) - 34.601870
Coordinates (-3.409944; 35.095196) - 35.095196
Coordinates (74.010538; 35.138879) - 35.138879
Complex number (27.531273; -23.068318) - 35.918217
Complex number (-28.352938; -23.098198) - 36.570697
Coordinates (45.510057; 36.835688) - 36.835688
Coordinates (-83.486454; 36.959705) - 36.959705
Complex number (28.538505; 23.689355) - 37.089511
Complex number (-33.356678; 16.884277) - 37.386452
Coordinates (-44.731295; 37.679898) - 37.679898
Coordinates (-41.587382; 37.708467) - 37.708467
Complex number (22.761448; 30.517630) - 38.071108
Coordinates (-62.262629; 38.146148) - 38.146148
Complex number (31.766233; -21.134568) - 38.154469
Coordinates (11.523825; 38.183357) - 38.183357
Coordinates (-11.180533; 38.674058) - 38.674058
Complex number (21.424487; 32.576075) - 38.989862
Complex number (38.013366; 10.874273) - 39.538156
Coordinates (0.879850; 39.956752) - 39.956752
Coordinates (-34.476777; 39.957432) - 39.957432
Complex number (3.630134; 40.182070) - 40.345714
Complex number (-39.483972; -8.346290) - 40.356469
Complex number (-40.272296; -5.190053) - 40.605350
Complex number (-35.704491; 20.152529) - 40.999209
Coordinates (86.635230; 41.399052) - 41.399052
Complex number (22.971817; -34.708439) - 41.621871
Complex number (-41.789343; -0.804521) - 41.797087
Complex number (-41.513651; -5.672240) - 41.899374
Complex number (28.902441; 30.751940) - 42.202286
Coordinates (22.248236; 42.270974) - 42.270974
Coordinates (-77.156717; 42.286873) - 42.286873
Coordinates (17.439400; 42.639988) - 42.639988
Coordinates (88.662980; 42.818250) - 42.818250
Complex number (29.489946; 31.504343) - 43.152990
Complex number (-31.703525; 29.342366) - 43.198240
Complex number (-38.566330; -19.802930) - 43.353406
Coordinates (-20.015289; 43.502491) - 43.502491
Complex number (-23.362334; 36.889003) - 43.664599
Complex number (-23.233612; 37.157158) - 43.822998
Complex number (38.497538; -21.214379) - 43.955777
Complex number (12.652564; 42.161389) - 44.018974
Fraction 94.293142/2.137194 - 44.120067
Complex number (-7.986509; 43.418316) - 44.146738
Coordinates (-43.141319; 44.190469) - 44.190469
Coordinates (-29.898948; 44.364487) - 44.364487
Coordinates (98.622076; 44.475325) - 44.475325
Coordinates (-7.121423; 44.795055) - 44.795055
Complex number (-6.541995; 45.452409) - 45.920792
Complex number (41.213346; -21.095742) - 46.298706
Coordinates (12.573130; 46.391389) - 46.391389
Coordinates (-74.905019; 46.429703) - 46.429703
Coordinates (31.312731; 46.530882) - 46.530882
Coordinates (-77.963366; 47.522281) - 47.522281
Complex number (-39.142909; -27.616632) - 47.904548
Coordinates (-10.624798; 48.090100) - 48.090100
Coordinates (45.555256; 48.580521) - 48.580521
Complex number (-41.488937; 25.443701) - 48.669434
Complex number (47.791877; 9.479419) - 48.722920
Coordinates (94.008417; 49.001653) - 49.001653
Coordinates (6.110439; 49.030881) - 49.030881
Complex number (27.510454; -40.793676) - 49.203141
Complex number (-35.229670; 34.729632) - 49.469960
Coordinates (25.781986; 49.561859) - 49.561859
Complex number (-4.838874; 49.527552) - 49.763371
Complex number (38.492692; -31.692061) - 49.860546
Complex number (47.604657; 15.601249) - 50.095931
Complex number (43.733265; 24.638891) - 50.196349
Complex number (-18.982267; -46.484306) - 50.210728
Complex number (-45.562140; -21.152250) - 50.232721
Coordinates (-77.525759; 50.594134) - 50.594134
Complex number (27.040784; 42.886331) - 50.699521
Coordinates (-15.056079; 51.672754) - 51.672754
Complex number (51.456358; -4.810529) - 51.680731
Complex number (52.044509; -0.764435) - 52.050123
Coordinates (96.950333; 52.095046) - 52.095046
Complex number (24.402103; -46.623977) - 52.623739
Complex number (27.771427; 44.780342) - 52.692800
Complex number (27.730829; 45.872014) - 53.602617
Complex number (0.234701; -53.749314) - 53.749826
Complex number (48.225988; -23.913108) - 53.829199
Complex number (-51.117453; 16.897700) - 53.837963
Complex number (32.193143; 43.218237) - 53.890764
Complex number (-20.244904; 49.943782) - 53.890978
Coordinates (-79.724697; 54.154762) - 54.154762
Coordinates (74.568224; 54.315600) - 54.315600
Complex number (-40.475611; -36.399920) - 54.435551
Complex number (5.348996; 54.271540) - 54.534501
Coordinates (-79.858100; 54.603116) - 54.603116
Coordinates (-94.309492; 54.660189) - 54.660189
Complex number (-54.901818; -3.653329) - 55.023235
Coordinates (66.612327; 55.274824) - 55.274824
Complex number (-51.134603; -21.122325) - 55.325403
Coordinates (24.558262; 55.678115) - 55.678115
Complex number (21.871151; 51.954253) - 56.370131
Complex number (29.931793; -47.911032) - 56.492293
Complex number (31.749327; -46.907735) - 56.642346
Complex number (56.173671; -8.456878) - 56.806691
Coordinates (-72.231008; 56.828443) - 56.828443
Coordinates (35.325687; 57.069239) - 57.069239
Complex number (39.007933; -41.704940) - 57.104473
Coordinates (36.935360; 57.186462) - 57.186462
Coordinates (-22.740270; 57.237348) - 57.237348
Complex number (-0.713963; 57.405406) - 57.409846
Coordinates (12.926058; 57.546555) - 57.546555
Complex number (54.119362; -19.970442) - 57.686427
Coordinates (32.887616; 58.345064) - 58.345064
Coordinates (-10.671074; 58.598926) - 58.598926
Complex number (-50.391176; 29.941397) - 58.615338
Coordinates (38.100348; 58.750690) - 58.750690
Complex number (-55.479526; 19.455952) - 58.792107
Complex number (51.946968; 27.891669) - 58.961281
Complex number (-44.425402; -40.198650) - 59.912835
Complex number (-59.966415; -1.757248) - 59.992157
Coordinates (35.562472; 60.379340) - 60.379340
Complex number (55.922905; 23.232535) - 60.556767
Complex number (-61.502841; -2.826848) - 61.567772
Complex number (-47.685936; -38.952237) - 61.572926
Complex number (-3.270330; -61.803290) - 61.889755
Complex number (-33.286154; 53.402734) - 62.927101
Complex number (53.645919; -32.955449) - 62.959878
Complex number (-34.780631; 52.535754) - 63.005537
Complex number (-61.858157; 13.232899) - 63.257736
Complex number (63.109799; -4.729067) - 63.286735
Complex number (-0.785116; 63.625522) - 63.630366
Complex number (-22.066678; 59.741177) - 63.686313
Complex number (-53.714410; -34.244591) - 63.701883
Coordinates (48.560380; 63.957582) - 63.957582
Complex number (-5.390901; 63.820324) - 64.047604
Complex number (38.662119; 51.252831) - 64.199783
Complex number (62.589403; 14.744236) - 64.302612
Complex number (20.796855; -60.849355) - 64.305157
Complex number (8.912777; 63.799270) - 64.418821
Complex number (64.355746; 4.654255) - 64.523826
Complex number (25.225028; -59.404604) - 64.538431
Complex number (-40.413355; 50.495741) - 64.676573
Complex number (63.080444; 14.341641) - 64.690224
Complex number (45.154175; -46.836334) - 65.057987
Coordinates (-48.348626; 65.178915) - 65.178915
Complex number (26.868806; -59.442545) - 65.233035
Complex number (-63.239826; -16.171220) - 65.274681
Complex number (65.913740; -2.080531) - 65.946567
Complex number (4.489558; -65.874405) - 66.027217
Complex number (62.953379; -20.312667) - 66.149319
Complex number (-66.035946; -4.683069) - 66.201792
Complex number (39.815081; 52.974287) - 66.268513
Complex number (49.891402; -43.719821) - 66.336828
Complex number (-37.679525; -54.737157) - 66.452261
Complex number (49.327048; 45.228845) - 66.923883
Coordinates (-7.456022; 67.010027) - 67.010027
Coordinates (-99.012413; 67.069142) - 67.069142
Complex number (64.485172; -18.676989) - 67.135440
Complex number (-65.354380; 16.052261) - 67.296880
Complex number (40.123993; -54.172604) - 67.413692
Coordinates (-70.587566; 67.454356) - 67.454356
Complex number (-65.392891; -16.649919) - 67.479256
Complex number (67.822447; 2.586479) - 67.871748
Complex number (-67.119040; -10.670165) - 67.961886
Complex number (68.081894; -0.369480) - 68.082897
Complex number (30.098144; 61.723355) - 68.670742
Complex number (49.735673; -47.622816) - 68.859057
Complex number (-52.135844; -45.020692) - 68.884025
Complex number (-55.864291; 40.714136) - 69.126405
Complex number (68.160823; 11.639516) - 69.147495
Complex number (58.682068; -36.610992) - 69.166103
Complex number (-42.324118; 55.153449) - 69.521464
Complex number (27.737411; 63.874806) - 69.637309
Complex number (63.330210; -29.155896) - 69.719307
Complex number (12.782960; 68.645937) - 69.825989
Coordinates (-46.666850; 70.183957) - 70.183957
Complex number (62.981733; -31.149808) - 70.263854
Complex number (-70.384604; 1.686837) - 70.404814
Complex number (-28.767608; 64.368417) - 70.504386
Complex number (-35.845585; -60.781836) - 70.564421
Complex number (-48.377665; 51.841685) - 70.908101
Complex number (68.179745; -19.743611) - 70.980897
Complex number (-53.097110; -47.276699) - 71.094229
Complex number (-21.123415; 68.037543) - 71.241181
Complex number (-58.053628; 41.304411) - 71.248004
Complex number (66.510933; 25.871863) - 71.365661
Coordinates (69.604632; 71.895786) - 71.895786
Coordinates (9.156886; 72.156842) - 72.156842
Complex number (-44.399071; -57.051827) - 72.292382
Complex number (72.117363; -5.187488) - 72.303693
Complex number (-47.165624; -54.952888) - 72.418340
Complex number (-9.419026; -72.234855) - 72.846361
Coordinates (-16.242984; 72.888369) - 72.888369
Coordinates (44.201158; 73.106963) - 73.106963
Complex number (6.742334; 72.838850) - 73.150237
Coordinates (-40.633946; 73.185317) - 73.185317
Complex number (-34.964581; -64.668714) - 73.515743
Complex number (-61.899711; 39.868848) - 73.628115
Coordinates (43.766231; 73.694816) - 73.694816
Complex number (65.411123; 34.004815) - 73.722062
Complex number (-33.932574; 65.840219) - 74.069927
Complex number (-59.929528; 43.892361) - 74.283832
Complex number (-72.891091; 14.552606) - 74.329600
Coordinates (66.207508; 74.654269) - 74.654269
Complex number (-55.071349; -50.602052) - 74.789178
Complex number (70.478294; 25.638184) - 74.996709
Complex number (7.713579; -74.637513) - 75.035043
Complex number (2.969761; 75.186397) - 75.245025
Coordinates (37.224986; 75.476786) - 75.476786
Complex number (-20.187540; 72.770005) - 75.518279
Complex number (11.400483; -74.684206) - 75.549332
Coordinates (28.216119; 76.212434) - 76.212434
Complex number (-59.557445; 48.087688) - 76.547469
Complex number (-72.608779; -24.400570) - 76.599103
Complex number (-74.004802; 20.098431) - 76.685446
Complex number (-43.543248; -63.186755) - 76.737087
Complex number (-71.984015; 26.746763) - 76.792498
Complex number (-44.753066; -62.493378) - 76.865202
Complex number (-33.563591; 69.322294) - 77.020095
Complex number (76.863561; -6.766281) - 77.160803
Complex number (-63.972731; -43.144014) - 77.161624
Coordinates (-48.152601; 77.206192) - 77.206192
Coordinates (-20.450561; 77.830772) - 77.830772
Complex number (-61.482735; -47.779666) - 77.865417
Coordinates (89.100326; 77.910638) - 77.910638
Complex number (69.406105; -35.408062) - 77.916226
Coordinates (-30.221413; 78.046521) - 78.046521
Complex number (-64.358498; 44.850398) - 78.444722
Coordinates (42.381196; 78.464761) - 78.464761
Complex number (-63.194941; 47.062259) - 78.793761
Coordinates (-56.530768; 78.879487) - 78.879487
Coordinates (-51.717018; 79.070744) - 79.070744
Complex number (-76.917217; -18.851234) - 79.193606
Complex number (-52.990544; 58.952573) - 79.267923
Complex number (-61.010499; -50.704869) - 79.330100
Coordinates (50.572292; 79.394252) - 79.394252
Complex number (24.011675; 75.976921) - 79.680945
Complex number (65.522920; 46.135308) - 80.135633
Complex number (58.462290; 54.931854) - 80.220620
Complex number (54.344592; -59.538015) - 80.610855
Complex number (-79.321954; -14.689096) - 80.670577
Complex number (58.982030; 55.084293) - 80.704146
Complex number (40.624125; -69.795046) - 80.756845
Complex number (60.666032; 53.340230) - 80.780861
Complex number (-26.794411; 76.440852) - 81.000891
Complex number (3.024014; 81.019286) - 81.075701
Complex number (-22.400773; -78.095083) - 81.244302
Coordinates (33.644899; 81.409290) - 81.409290
Coordinates (0.013001; 81.456773) - 81.456773
Coordinates (93.373678; 81.461916) - 81.461916
Complex number (16.999576; -79.775257) - 81.566398
Coordinates (24.419090; 81.696931) - 81.696931
Complex number (-79.165164; 21.520067) - 82.038018
Complex number (-25.288832; -78.044462) - 82.039400
Complex number (-43.129243; 70.240796) - 82.425124
Complex number (-21.147979; -79.789281) - 82.544330
Complex number (75.801887; 33.468102) - 82.861571
Complex number (-51.987526; -64.757869) - 83.043871
Complex number (66.647708; 49.560573) - 83.055207
Coordinates (-79.351285; 83.370181) - 83.370181
Complex number (58.731368; -59.290357) - 83.454898
Complex number (77.094772; 32.060493) - 83.495384
Complex number (34.969912; 76.246338) - 83.883245
Coordinates (37.197273; 83.918178) - 83.918178
Complex number (-6.363076; -83.923193) - 84.164072
Complex number (52.205735; 66.022046) - 84.168577
Coordinates (-55.654849; 84.310202) - 84.310202
Complex number (-41.840121; 73.398619) - 84.486407
Complex number (20.095085; -82.167808) - 84.589368
Complex number (-84.373052; -9.748414) - 84.934348
Complex number (-6.189999; 85.043925) - 85.268900
Coordinates (67.490780; 85.349811) - 85.349811
Complex number (77.002842; -37.354090) - 85.584845
Complex number (-9.040631; -85.235247) - 85.713362
Complex number (-16.215076; -84.351823) - 85.896209
Complex number (28.022515; -81.502145) - 86.185039
Complex number (-78.884740; -37.402091) - 87.302455
Complex number (-66.178168; -56.993315) - 87.337208
Complex number (27.142346; 83.239014) - 87.552501
Coordinates (59.929139; 87.825833) - 87.825833
Complex number (80.834007; 35.130812) - 88.138020
Complex number (-14.619282; 87.059159) - 88.278087
Complex number (13.563377; -87.321438) - 88.368539
Coordinates (-2.625348; 88.547829) - 88.547829
Coordinates (83.254582; 88.610255) - 88.610255
Complex number (80.837427; 36.384347) - 88.648239
Complex number (-72.553685; -51.422646) - 88.928768
Coordinates (-21.641693; 89.121649) - 89.121649
Coordinates (99.050522; 89.278572) - 89.278572
Coordinates (-75.534837; 89.328098) - 89.328098
Complex number (85.083904; -27.254503) - 89.342480
Complex number (-72.607564; -52.909368) - 89.840189
Coordinates (-35.765699; 89.915215) - 89.915215
Coordinates (-89.494148; 90.020806) - 90.020806
Coordinates (84.025651; 90.050475) - 90.050475
Complex number (56.526175; -70.352864) - 90.248180
Complex number (80.986494; -40.542310) - 90.567605
Complex number (-10.984283; 90.253397) - 90.919361
Complex number (60.520742; -68.135116) - 91.132619
Coordinates (-65.172851; 91.222176) - 91.222176
Complex number (-71.863196; 56.197442) - 91.227580
Complex number (87.262961; -26.643441) - 91.239779
Coordinates (17.728027; 91.293651) - 91.293651
Complex number (91.187590; -5.331065) - 91.343291
Complex number (-53.430376; 74.682764) - 91.827666
Complex number (-28.922585; -87.281752) - 91.949008
Complex number (85.272873; 35.670295) - 92.432856
Complex number (-41.558518; -82.680757) - 92.537657
Complex number (-70.023581; -60.714452) - 92.679807
Complex number (72.351744; 58.513239) - 93.051459
Complex number (-32.314800; -87.351414) - 93.137081
Coordinates (-52.355031; 93.176460) - 93.176460
Complex number (12.342368; 92.422435) - 93.242911
Complex number (51.514119; 77.759862) - 93.275402
Complex number (-0.940690; 93.513670) - 93.518401
Coordinates (-78.153316; 93.538822) - 93.538822
Coordinates (1.759777; 93.678941) - 93.678941
Complex number (-75.232477; -55.989209) - 93.780153
Complex number (1.294217; -93.807310) - 93.816237
Complex number (-72.263290; 59.935598) - 93.884285
Complex number (73.017101; 59.098082) - 93.936576
Coordinates (47.544903; 94.083474) - 94.083474
Complex number (-94.269043; -2.068824) - 94.291741
Coordinates (-4.427574; 94.438799) - 94.438799
Complex number (-56.540090; -75.951466) - 94.685833
Complex number (64.731784; 69.105332) - 94.687648
Coordinates (-60.892387; 94.899746) - 94.899746
Complex number (-84.649325; -43.142144) - 95.009225
Coordinates (-75.261008; 95.096834) - 95.096834
Complex number (-71.554995; -62.935419) - 95.294199
Complex number (79.323688; -53.111746) - 95.462585
Complex number (-8.911677; 95.359566) - 95.775074
Complex number (-63.767757; 71.511042) - 95.813130
Complex number (80.956302; 53.289519) - 96.921080
Coordinates (-40.711933; 96.985478) - 96.985478
Complex number (-94.009970; -23.865995) - 96.992062
Complex number (10.344287; -96.989795) - 97.539862
Complex number (29.509539; -92.992211) - 97.562104
Coordinates (-31.675527; 97.811779) - 97.811779
Complex number (-81.242469; 54.528751) - 97.845406
Complex number (-85.352868; -48.754423) - 98.296011
Coordinates (5.615743; 98.350138) - 98.350138
Complex number (65.744207; -73.272550) - 98.443727
Complex number (96.699396; 18.977542) - 98.544002
Complex number (98.754783; -2.253379) - 98.780488
Complex number (16.009678; -97.650941) - 98.954616
Complex number (-98.286277; -13.425356) - 99.198954
Coordinates (-32.699541; 99.288321) - 99.288321
Complex number (99.410475; 1.511000) - 99.421958
Complex number (84.018760; 54.081339) - 99.919684
Complex number (-94.104755; 34.368153) - 100.184205
Complex number (-98.105973; -20.342070) - 100.192723
Complex number (-99.353708; -13.097341) - 100.213271
Complex number (60.924914; 79.694264) - 100.314609
Complex number (-78.621656; 62.580335) - 100.487129
Complex number (-98.918290; -17.842412) - 100.514575
Complex number (-38.007816; -93.102527) - 100.561795
Complex number (-65.029998; 76.779196) - 100.617819
Complex number (96.395953; -28.898417) - 100.634478
Complex number (-99.774904; 13.566217) - 100.692968
Complex number (35.775691; 94.138527) - 100.707310
Complex number (-66.813145; -76.049678) - 101.230183
Complex number (85.102217; 55.179887) - 101.425871
Complex number (60.087921; 82.053473) - 101.702167
Complex number (-67.729437; -76.545875) - 102.208354
Complex number (-96.071094; 35.131881) - 102.293226
Complex number (-71.640724; 73.464297) - 102.612847
Complex number (29.957310; -98.913022) - 103.350019
Complex number (87.269839; 55.692547) - 103.526251
Complex number (-51.186102; -90.105362) - 103.629114
Complex number (99.593979; -28.723395) - 103.653240
Complex number (-98.817935; 32.105149) - 103.902478
Complex number (-96.400465; 38.818213) - 103.922583
Complex number (78.663621; -68.396950) - 104.240626
Complex number (51.918034; 90.413945) - 104.260077
Complex number (-66.081572; -81.248214) - 104.728441
Complex number (98.217961; 39.920623) - 106.020866
Complex number (89.287044; 57.528475) - 106.215355
Complex number (68.635805; 81.225281) - 106.341055
Complex number (58.091692; 90.178698) - 107.269950
Complex number (80.678715; -70.772928) - 107.321304
Complex number (99.182377; -41.724454) - 107.601459
Complex number (76.136635; -77.108194) - 108.362635
Complex number (-74.784932; -79.365762) - 109.049118
Complex number (-46.263154; -98.831362) - 109.123405
Complex number (-48.702296; 97.908263) - 109.352374
Complex number (-76.374718; -79.133813) - 109.978443
Complex number (-73.290448; -83.121966) - 110.818550
Complex number (69.854322; 86.836228) - 111.445757
Complex number (-75.833216; 82.145220) - 111.796752
Complex number (61.229722; -93.935194) - 112.128942
Complex number (97.826881; -55.167258) - 112.309951
Complex number (79.904188; 79.576622) - 112.770200
Complex number (98.553677; -56.872382) - 113.786181
Complex number (-87.465210; 73.439469) - 114.208225
Complex number (-92.830460; -67.069160) - 114.524087
Complex number (-99.353791; -57.040522) - 114.563506
Complex number (-84.143890; 79.165534) - 115.530844
Complex number (94.879543; -66.354906) - 115.780401
Complex number (-88.922688; 74.645527) - 116.099953
Complex number (84.745562; -80.232516) - 116.700758
Complex number (74.619313; 89.741640) - 116.711627
Complex number (80.309723; -86.353037) - 117.925818
Complex number (-92.347033; -75.582750) - 119.334516
Complex number (-72.377254; -95.084901) - 119.497302
Complex number (90.177054; -80.074131) - 120.597544
Complex number (-81.136024; -89.906747) - 121.104408
Complex number (-77.358532; -93.452977) - 121.316946
Complex number (-91.848815; 80.032505) - 121.825312
Complex number (97.328736; 75.802517) - 123.364924
Complex number (77.268866; -97.663861) - 124.533961
Complex number (80.994198; 95.386942) - 125.134843
Complex number (88.691706; -90.330799) - 126.593333
Complex number (89.782165; 90.532450) - 127.502791
Complex number (80.154362; -99.434441) - 127.718166
Complex number (-87.647889; -96.213420) - 130.150584
Complex number (95.633470; -89.566518) - 131.026416
Complex number (-89.188484; 99.559800) - 133.666523
Complex number (98.282640; 97.383510) - 138.358322
Complex number (99.147348; 97.509414) - 139.062153

999 lines in total.